10000
2923
8870
385
5338
3790
2571
516
5195
5946
9126
5778
7994
3115
6037
7062
201
6554
3683
5806
4710
7867
1764
3262
2013
6456
299
6717
7234
5526
6644
9091
8797
5763
2772
5275
1637
4024
6397
8352
1129
7422
3034
6709
1576
9857
7720
7377
7586
3092
1338
4992
9347
4882
2165
6108
9057
6182
913
8709
232
5590
2785
2720
3256
9460
2852
7204
3285
7118
420
5828
1582
642
3038
5824
4641
9990
5669
1148
6455
4410
6272
3158
5501
3930
1410
8868
5195
3487
8410
1301
7836
6557
2436
460
2104
5865
136
8938
6298
7683
4817
9872
4869
6745
9855
697
1580
3551
1407
6157
9628
2736
273
1032
1583
1103
775
9753
5888
8781
4362
7964
5394
2522
169
6736
8498
2465
5161
9287
426
6202
5084
5299
8311
9464
9116
8174
6745
2239
5581
7914
5870
7248
6119
2642
7066
6195
8602
7900
2139
3480
1015
6320
5895
7561
3083
8363
8599
6270
5948
564
9598
7013
8228
7982
7403
6120
5591
9379
5605
9272
3626
4999
9494
318
6059
6507
8345
3029
6363
6414
6492
6737
3248
3356
9027
7288
7890
4078
4590
6715
1460
1049
8442
3142
4729
4237
2020
3008
6741
5905
1839
695
3823
1397
1715
1386
2227
4456
7631
5254
8817
9660
7412
1620
3846
1481
1514
6071
4084
1525
6392
9105
660
6914
133
295
9172
8153
4992
9927
5249
3282
6952
6326
2191
7836
8256
7497
960
964
961
2831
4373
4139
9439
3083
394
7737
3410
2761
4722
2638
1437
5196
9488
8068
7373
9062
8527
7590
434
9101
4414
3463
4437
7809
8694
6584
7614
5785
7378
9818
6004
1522
3868
1168
8189
6754
3618
2780
3213
2659
3283
1087
8855
2947
8849
3769
5765
3834
5859
272
8496
8941
8999
1073
8633
2803
6751
6635
3143
8028
7691
1293
857
1215
2781
695
2499
4903
1356
5174
2455
4175
3528
8116
1707
4498
4830
6179
5727
4258
4137
8267
6612
4353
6769
4357
2734
3044
4368
3426
7165
661
3929
3443
4295
4802
10000
9650
8973
5397
4285
3288
5891
8491
4661
9081
7938
6832
216
5032
1404
8285
8417
3128
9622
4039
3344
7733
8252
6357
3957
8647
9959
9028
5038
3887
1036
8045
2968
3300
9351
8114
1584
4671
4098
7448
1353
3272
8314
8225
3636
1351
1344
2860
9487
4545
8270
28
3127
7962
1180
4438
7004
558
8354
2763
2821
1100
1691
1372
9678
3314
1367
8372
9434
7636
895
9818
9356
6301
4432
6593
4309
4431
5111
7597
213
725
1164
677
8149
5952
9623
2997
5572
4119
8400
1907
7507
1898
1556
3445
9199
4783
5670
5954
6215
7871
5324
6895
1369
9017
4516
4401
2568
6775
9490
6068
6872
9327
814
1591
9762
3837
9483
4932
2672
9461
4114
5212
3837
3022
4871
6943
8756
9379
8655
1145
1622
5104
601
1064
1748
8480
357
3330
5694
2313
7107
7643
3960
9859
7429
6766
1186
2008
3486
9100
6237
8007
1384
1626
3255
1866
3316
8285
5332
1295
6779
8229
326
7239
3340
8014
9587
283
9092
9024
8428
9340
9255
476
9983
4452
8965
1973
2127
6516
9637
544
82
184
6878
6152
3383
2679
3793
9275
7044
4706
7869
5213
6008
7494
8345
6233
345
1064
5842
3137
5582
7504
7884
2866
7496
4423
5692
1603
7471
4855
846
7901
3587
3226
2386
4247
1429
822
2311
6499
9837
8333
3884
4254
5640
8226
1824
3972
6948
5890
4424
9008
2555
5508
9354
2257
8447
7652
1006
8039
5898
3989
3708
3614
2971
4586
2521
8456
7056
5740
2552
3437
2086
5048
987
7219
1982
2068
2053
4000
4015
2014
9210
3255
4707
8260
6282
442
3271
1758
7847
7432
5817
8910
5203
9196
4800
2506
7059
6036
1325
4147
39
4642
5593
5067
7253
879
9553
832
9796
2854
2656
5639
452
1282
4638
101
6826
1017
5783
5642
272
6149
9050
3724
2084
9749
5130
7587
6924
8515
2958
6537
409
5369
9883
2305
4715
3717
7735
9570
6201
5744
9475
1822
4002
3030
1567
2124
3142
5990
6434
2500
2804
6853
6158
4074
4664
4907
5771
2583
9640
89
7422
8212
7894
8381
1817
1585
2313
1267
7369
8392
9083
3211
5042
2480
3695
9113
1856
5546
524
6284
5961
138
3854
2800
1968
4529
36
9840
4814
4583
7908
4718
7650
405
9267
6197
6358
7147
9648
7989
9873
3775
2351
9705
1994
7832
8923
1006
7599
9180
1393
8675
6330
4912
2594
7761
3810
6222
4030
9713
4286
9430
1982
3134
1920
5930
2033
8660
479
921
823
6000
5805
7906
4130
2247
3962
1622
5951
7818
1463
7279
4286
7983
5021
9727
8547
7093
3991
9185
8272
8242
7749
4214
8412
8552
9319
2459
531
4570
2547
9659
9917
9268
7844
7218
958
4550
9509
6267
9319
3862
4202
7151
4456
2458
4731
1061
7068
4437
3400
6285
4900
7839
2577
6907
4714
6610
5319
9551
874
2952
5929
9677
6815
8478
8598
7900
9613
6907
3676
2844
3170
9871
1951
1771
1639
5223
7496
2498
1861
2308
3369
779
2874
8167
9237
5632
7203
8613
3872
7622
4602
5446
2680
5051
56
7541
1252
3042
7453
2315
7772
1011
7267
2281
8058
9411
6186
1339
9637
6987
3385
7729
5434
4118
6528
5992
9268
6461
6114
9010
8814
4981
7937
198
4692
6671
1148
9703
5545
4296
5781
4360
2155
5144
779
8596
6062
1004
7752
7711
5724
8065
6744
8521
9350
873
6797
1871
2708
4362
1126
8328
4734
8179
3268
2566
2752
134
3707
2341
106
3024
7424
5345
8931
100
1838
6509
3689
9935
8050
7230
7677
7647
9491
1683
6848
684
386
4319
5314
231
6657
2503
1771
9042
3800
1911
9556
5869
845
1081
6897
7041
4855
6478
3814
7824
4860
7735
9362
6027
2915
4684
8571
5729
7052
9711
7964
8133
7787
2966
6287
2158
7822
4429
5549
718
9347
8174
3067
5651
4943
7984
5235
367
7168
3699
67
8956
6877
2368
1875
9009
8141
5047
4819
1548
219
3873
951
2061
6570
8411
1488
9525
200
7581
9673
9330
8812
497
3830
2720
253
8272
2537
8287
5428
9090
6513
973
4083
395
3393
208
9240
9701
3055
6363
4577
7316
9365
8516
8650
4297
5797
5961
7040
5893
126
4619
5697
2111
1266
4758
8990
3287
9751
21
3332
6553
8388
264
8174
5595
5882
6168
2812
8575
5391
153
9841
7566
4604
5003
655
1481
5545
6988
1612
9527
5760
3772
7337
1583
5286
2629
8076
7373
4074
5635
9798
919
2282
2880
3193
4443
7639
6181
3999
1586
2913
1795
1133
4250
4836
1892
2879
7953
5795
55
8900
4434
7155
2366
4713
606
5811
3350
4778
5593
5008
3782
2235
8380
8536
9225
5413
4464
9731
3603
7703
2179
9406
210
8014
9753
3693
812
7805
7309
7400
6018
4866
2135
5886
6036
4928
6803
7322
6367
844
9703
5241
3696
8522
2990
4178
9580
4799
5911
4680
2468
9414
9374
4691
2230
4361
8310
7509
8841
2904
6524
2429
8410
5063
3586
1374
9271
5327
9823
5915
1920
9045
9551
844
1543
735
9414
5776
8176
8419
4274
5360
8951
8442
8680
7120
2223
4641
5614
4772
2119
5166
9029
6149
4157
8371
1880
3540
2774
7042
8132
3839
1624
1171
7052
3848
1802
6513
647
384
4568
1924
7485
5834
8132
7511
6628
5379
2254
6724
652
4915
3894
5574
6499
1380
7767
8212
2575
9513
6874
193
6661
1647
57
5496
6672
8447
5465
2170
614
2082
6010
5715
4440
2415
8850
7210
6895
9748
3714
1361
2093
2842
2288
7195
2224
2162
8041
8604
8245
8874
3494
4980
822
5952
9651
2152
4164
7721
2177
8829
4193
5535
2521
8577
8818
3721
2777
837
3001
3747
9481
1165
1508
7398
5716
5946
3979
576
5812
5526
7419
2387
1729
2555
1384
6958
4135
1216
3978
2606
7840
1688
8587
3776
2955
8467
3903
2813
6190
2223
6128
8476
1080
4095
2218
9606
6668
7918
4943
1796
3418
9898
3435
630
1191
4749
37
5919
1267
83
604
4634
5348
5538
8894
4667
2685
1066
2717
3727
3504
7183
7342
2730
7172
8884
9589
4048
9120
6149
88
6906
8438
9097
624
7471
4354
7096
6104
3446
581
6772
3695
7961
5117
7725
3927
3161
1206
5959
1607
1752
284
3356
3575
1792
5156
3611
5575
28
771
9632
8190
8261
3474
4697
1775
712
5595
704
3645
5871
7969
86
5543
9192
6303
890
4097
1453
3520
3331
2075
3195
5848
6116
466
623
582
1895
3631
3418
3236
400
1440
3689
8051
1702
6461
7889
3544
3130
794
3249
1271
4912
6362
5714
4842
9637
6000
1697
7112
3694
4213
3508
8584
406
1109
8970
1845
80
1410
1814
1664
5309
699
4323
5470
6725
354
5967
3658
1025
4389
815
3477
6524
3005
8296
8681
1570
9077
928
5953
272
516
4897
1948
6798
2732
1161
5122
666
4899
9310
3386
6958
8635
480
5304
609
9723
3766
1947
7767
6238
2662
4780
821
3618
3265
4132
113
346
3939
5486
1185
9958
2294
5620
5334
7147
769
1067
4869
7888
4271
3847
395
8204
5190
9211
4617
2882
5050
2949
1501
4984
5048
4690
5238
6512
9251
9707
4638
7683
7581
3851
9691
2710
9895
8117
3591
3428
3777
680
55
4262
4874
5866
2202
9034
7155
5098
1042
4383
1086
4835
7081
2049
852
2709
677
3902
7535
7551
5112
1164
7329
8407
2352
5141
9283
4868
1746
7897
9547
767
8469
2089
9798
7266
4277
2664
3506
6779
2792
479
2523
9836
867
1515
5023
149
3039
6628
2931
2360
4852
4043
2826
3886
3610
8398
6266
4225
1565
1724
1384
731
5722
9452
8544
1044
288
5401
7387
612
4445
6528
1016
5826
2369
2218
5499
5402
678
493
1222
6814
3180
4249
2749
458
1008
6765
2241
9993
4844
5843
9806
4643
1072
2365
2892
1174
8697
4922
4544
1149
9544
6468
4490
1656
6890
1622
1590
8691
9797
1147
5264
172
6777
4124
7272
8025
2229
3644
1030
2204
8726
5925
8331
1114
1294
8468
141
3685
9528
1766
142
7011
6413
7759
6464
8747
3628
7302
4884
1651
1433
9511
7353
2037
4954
1782
6626
5527
1408
2689
5933
879
4279
6534
3060
7376
2805
8483
5027
4159
6920
3782
9981
9297
3448
9470
8229
9655
7242
9123
560
9917
5619
8180
7020
2779
7941
6676
1571
2463
6470
7161
4411
5584
585
3480
8322
2520
4925
6976
199
1588
9740
3294
4379
7771
7253
7988
6947
4575
263
4428
4758
6714
6837
5938
5386
9148
8309
4046
9173
815
7902
9522
5140
5026
7484
7209
7164
7898
913
7357
6745
4625
2292
5577
7544
9590
4842
3728
9059
2080
1129
7736
5881
7599
9866
6476
6515
4092
8637
2787
6673
3493
9626
3867
9462
4605
7641
4697
77
5893
1703
5102
6210
2528
4173
8764
686
6088
855
4373
687
4535
1193
8552
9207
4037
6161
9037
5914
7744
2321
7594
7719
249
4548
3994
599
4797
3464
4523
4256
3400
5545
5215
8360
7721
6188
5261
7094
6129
7765
5591
6588
8063
3545
6928
342
7851
7089
533
339
6631
3857
1288
8851
6292
49
6748
8633
4537
4699
4770
792
8293
2514
5759
2878
5195
4842
2736
8001
5663
4318
8576
2860
7966
7859
7713
4135
2336
922
4197
1227
9733
2273
346
2653
9728
5991
2082
8644
833
5197
8711
3775
2742
8154
3465
9758
4608
1023
3667
6888
7068
4822
1532
8199
6539
3518
5496
9982
3463
6990
5380
8358
3076
4320
7079
94
5250
1583
8114
9
5542
4969
7633
4095
2764
6598
9430
1757
3835
1858
348
3225
3335
5590
7999
2152
9874
9862
6881
8278
2858
1137
6048
4185
573
3759
7458
7366
3903
1249
6708
3759
8367
8960
8219
9172
9238
7137
6405
2027
7080
8349
1204
7359
8016
61
6936
8678
5666
4982
4028
8953
2224
6187
745
6745
3985
5018
996
8679
5066
2868
6999
7265
8395
2477
1371
3364
4052
7028
9113
3799
3650
3516
2562
8883
9721
8641
9664
6706
6799
5679
5228
4381
6319
6941
6928
3527
9923
8624
9798
4342
4524
1497
8368
8369
483
7662
6968
777
5288
6385
8315
4167
212
4959
9277
8602
6984
2898
9654
9237
1606
6250
3235
1924
2471
5865
4618
1760
4885
8553
444
5096
5536
7911
1641
4678
1261
1998
853
8751
6453
2044
6036
5613
5584
2240
3262
7202
4149
1246
227
4057
7457
1679
8750
7912
308
7934
9057
9369
3028
8133
5352
3878
5208
4786
3777
2009
6749
8164
2360
1587
2869
9697
4256
1339
9288
3284
595
9694
3320
5457
8650
1609
3475
7502
4903
5566
5586
1247
4041
6163
9521
3536
6959
6005
337
4172
5663
7221
3114
234
8677
8197
7234
1757
3674
8633
3730
4531
6810
8986
3001
2172
9996
2623
3056
6219
3363
5150
691
7107
8263
7285
6911
4456
8934
4633
5318
5052
5271
7734
9845
1222
1607
5668
4774
5949
9469
1428
137
6568
9676
1720
9281
8507
5544
2609
2276
4717
7129
9721
617
3702
9889
9613
3571
8068
9139
8941
8444
5438
1769
1126
4967
1291
6870
1072
6494
6099
7919
8754
2428
8133
7446
4318
5865
6947
7409
3945
7017
6356
9549
4981
7784
3571
901
9346
7300
3689
7748
7889
4590
2380
8514
5745
4054
7592
4993
3796
5253
2570
312
4520
1612
2349
1920
4796
183
5712
9870
2683
1386
3782
8656
6880
2309
3597
5360
4139
2363
4759
64
8566
4132
8685
4550
3826
7757
2323
7694
3657
2098
7062
8795
2124
5971
4282
8854
8052
9419
3817
3986
2942
5139
6404
6663
375
2219
3092
8514
504
9270
9641
174
1481
6080
8623
8520
5343
2042
9189
9102
3084
29
8413
285
4999
8226
8863
6412
147
5837
9424
7245
7094
3185
1042
7202
2130
1263
5784
5218
6563
5804
1904
380
4759
698
8175
793
5740
1272
2382
3036
3996
5864
6803
7245
4924
7709
6891
9103
3898
5593
3986
6797
5701
8700
6955
3126
2488
2348
4207
8132
9774
9723
8074
397
6361
7410
1047
5057
859
3196
9655
4548
2768
9241
4927
2974
5490
1394
827
2704
8073
839
6150
2319
7851
5084
5399
9621
1406
6429
2314
8740
586
4871
1888
9091
7649
3558
7855
6753
3600
4341
4684
2127
8322
7566
4049
8077
1168
5597
7093
7121
5452
9133
4187
3263
7718
9089
47
9514
6592
7798
9698
1394
2947
2481
1434
2436
3620
1404
5661
976
2377
9472
3220
4456
9088
7313
251
6064
3412
1156
6779
8070
3412
1542
2208
8172
8276
9539
9786
90
9425
4043
8065
4500
3958
9930
2502
808
9080
5184
4232
2918
2093
7135
2076
1864
4973
7737
185
1204
3712
67
419
5331
6901
6688
9225
7012
6934
9677
6964
8878
3874
3494
9608
1472
682
8470
7550
9237
7959
1804
8833
993
3973
1427
802
4773
3368
3887
7007
7669
2619
1577
7158
6592
3644
9449
3653
2638
3711
1293
7736
127
6714
7031
4388
6698
3656
4920
8441
2389
9946
511
8924
2507
5173
1217
529
8989
8511
451
126
5525
4353
511
7672
8143
3116
3153
7927
4976
8888
598
3548
5386
5070
5523
1493
4487
8917
9873
2339
3607
4568
5127
5872
9870
9978
2854
1177
3688
2733
4626
3004
3430
4420
7220
6108
4115
5291
9686
2074
5410
1620
1571
9317
9365
4164
7029
1647
9801
7518
6901
2763
8952
3676
9570
5980
8251
1868
6308
1225
1635
2423
3035
9339
9238
5775
60
2241
2571
4530
7669
8779
5266
5289
6157
1381
3421
247
9613
6829
5208
335
9089
1616
7172
8136
6232
645
2424
6591
5871
1535
6409
3437
5526
9188
840
1513
9485
5101
5032
7559
8572
60
2055
9211
1148
9996
819
9124
6093
3798
2853
644
7926
2858
4971
9395
8432
7537
3182
6669
7237
658
3519
1215
9778
2691
9247
2872
7611
1128
112
5219
1967
2784
3333
3343
6230
5114
9597
2296
6849
1102
9702
9248
2752
6089
6838
7714
327
9686
8331
8005
5410
7427
9037
6039
4944
9115
2955
4549
9695
5959
4138
9965
8714
9017
9106
8780
4395
4277
3973
1961
1030
5385
2901
7962
9053
672
5842
5260
4146
8044
8655
8711
4881
5032
4557
4059
7187
1340
1341
1308
4614
3193
454
2237
6527
3562
3223
7993
2446
3786
923
9009
147
374
8723
2908
6508
6549
372
7742
8393
9506
7668
1400
5534
4547
1041
7799
9925
5676
415
3765
4508
6493
5438
8276
2398
4769
9013
5481
7892
3342
2341
2311
4954
8428
5918
8618
3445
9900
1270
1481
5539
5452
3898
2017
8656
8062
8428
8102
7846
7120
9750
2228
7248
6798
3493
5715
5532
2217
5754
6787
7582
2618
9919
3191
8741
6910
2662
6540
7815
6575
1938
7372
403
858
5862
1054
9467
6377
1441
4471
7293
5327
7464
1085
7775
5824
7378
6314
7625
7683
1848
6058
3537
4516
5329
2250
1761
8195
1447
6237
2396
3913
6697
564
8296
5304
9583
6990
4363
9825
6292
4417
3360
9567
1769
5273
2273
7121
5353
7258
1803
8662
988
7370
8354
3108
9391
1369
3431
2354
1568
2349
6257
16
7517
4874
7379
9141
2327
8588
2524
424
3576
2556
6596
8979
8423
819
411
2331
5034
2036
1352
7049
3940
5381
1330
8759
8106
9162
4308
230
3393
4250
9646
7408
8989
5871
220
983
753
7262
5458
4708
3419
7648
8076
8011
7179
2069
5530
414
7018
5581
7590
9868
6564
334
2510
6052
1215
6194
6906
5671
8857
5778
4046
9238
4910
344
2300
7714
6637
7217
8763
8174
1147
1239
6742
7449
335
542
9952
6667
886
7324
279
5658
8053
6407
2630
9994
1154
1216
7665
5985
3723
9826
9711
5562
2320
638
7253
8740
5935
2419
748
2278
7361
4545
10
6298
5176
1548
7945
1180
2361
2612
3665
9966
6489
98
6093
8251
4220
685
2078
7247
9325
3292
5399
302
2547
7804
9068
1696
6226
3223
4059
1182
8528
177
6634
5741
4981
2726
571
5240
2542
1475
2873
807
1090
7651
4158
8425
2450
4694
7437
1065
2035
3365
986
5535
8333
4234
8873
241
4527
5787
4733
7524
3357
4547
7950
6104
5009
7892
8483
3332
1534
1425
1345
7561
5304
4373
4978
8915
9574
4029
6869
3743
9486
4170
6891
4598
6102
1292
8669
1137
8889
3302
452
88
3710
9142
877
9427
4893
7130
7098
3383
2291
58
1079
9020
6583
49
30
1875
3634
8246
8553
9645
4803
5819
682
82
7549
9168
9653
9901
1444
6211
838
5111
3740
4933
4401
7194
6005
1395
3539
8302
9926
5722
8210
6766
1335
1654
5527
6231
6655
5666
8373
2053
5430
9522
9142
6320
680
1427
5039
9266
6317
8332
5845
1647
6026
9183
265
5829
3078
7685
7044
8688
9577
2865
336
6905
3317
4295
5623
9255
4486
4671
1286
3933
5083
7248
9157
2440
467
2880
208
6207
7901
3548
8371
8406
9951
9395
8220
6278
7272
1952
6510
3905
6010
862
254
7905
3953
7317
3826
3904
1541
2317
5049
1852
6543
689
2705
2876
4058
1349
8937
4735
5369
8705
9566
1125
4920
6731
9795
1345
9177
426
3688
788
3643
7224
5752
9259
6896
5392
7586
1752
8956
3170
2353
5207
3774
8305
8230
6564
2652
6772
6446
3510
3741
7065
1302
3865
718
5200
3395
3890
3264
7611
4876
7196
1534
1331
8550
2998
3730
166
7553
1112
1939
6538
9952
7538
1352
7048
7455
5753
1171
3430
2569
1883
9307
3358
1928
8391
2131
7071
5765
7088
7958
9438
3647
5925
4781
3648
1967
1150
8221
6896
1090
7522
1939
6371
8622
9900
1634
7870
5372
1065
7834
5978
9574
7813
2689
5383
8597
6684
990
4065
4769
6628
9022
4971
1004
6423
297
4072
5858
929
9553
8391
6155
3219
134
1429
4147
9562
4345
3465
6455
5375
7206
7520
3621
7439
4894
3080
9938
2330
2482
1528
7176
9589
8859
1402
7652
9025
1730
1458
4875
8035
9509
8569
4017
6262
6536
1642
513
1848
1755
8988
6484
2556
9623
6090
5211
859
9136
7187
9615
3963
1044
4863
9127
7403
1278
9753
4769
7267
8481
123
196
6316
2166
8415
1784
5393
1010
2581
4114
1907
6267
3648
602
9675
3313
9664
4337
924
9960
7242
3465
3555
6206
8935
528
9819
2183
8175
9345
8125
1697
2124
9472
9066
1847
1837
3263
8072
3917
2589
2335
6091
356
4202
1302
4040
4754
8478
6780
5782
5694
5631
7822
9420
8801
8952
6451
6467
3558
3810
9888
9255
1131
4860
6703
5606
4665
7466
7171
6416
9756
9404
3145
7880
8928
9615
9405
172
5245
3737
4326
137
8488
4806
6502
6802
5266
7270
4599
3754
2018
96
6987
5229
4375
9344
2504
1660
6457
8674
9082
1701
9642
9139
140
6647
2647
5950
3880
5161
3574
1467
9073
3492
8763
7815
1736
7490
5547
6266
5476
5041
947
3689
5325
8620
5868
563
4584
5014
2656
133
2095
3532
8654
7210
4291
2048
752
3020
1154
7166
2443
304
4107
4941
2638
9040
8866
261
1233
7146
6467
1536
1499
3322
9170
4398
741
2536
3712
9280
6998
2303
7715
4341
148
9176
5444
4775
2389
5283
3532
4773
5593
121
421
2788
1616
3656
5256
8185
558
501
7245
7562
7209
6414
692
3779
5982
7893
8046
3241
2447
7838
5725
709
4647
563
8378
1572
8496
181
3574
2428
6530
8109
9133
8279
9849
9458
4073
6754
6063
1433
458
5736
3135
6234
8531
4625
2905
10
4008
2614
1762
1911
2638
4333
4616
8492
1852
138
8989
1035
8693
1329
5506
9726
3171
4441
122
9833
9822
7809
2362
5348
4829
6250
7253
3588
2113
1286
8609
1829
2013
6025
1352
7403
8627
3344
5194
5507
4648
1527
9413
11
6286
7776
1627
7392
2116
5507
687
8839
115
5361
5506
6443
1080
6053
9900
1218
8687
6698
1681
1524
2261
6134
449
2133
3819
6501
2671
6878
2165
4597
8283
845
2328
8836
5367
9735
24
2530
7838
944
2447
9360
9978
3060
2722
6735
4393
1641
9631
2533
129
5161
9690
2242
1424
3908
6323
6669
1367
7365
3
5007
662
5663
3754
2233
7301
3684
434
950
6888
1789
7186
9216
5433
7092
8588
7723
1100
4465
2416
2984
8450
8071
3620
6183
8655
1139
6653
7160
9341
7136
9472
8918
5953
2631
4568
9248
5071
3090
3578
6225
8630
1164
4504
9863
7554
7016
9938
4928
9438
386
4303
2001
3115
2420
7334
4000
692
4799
82
4919
2495
3912
870
9670
4867
6926
6543
6137
7661
6670
3995
611
4741
7301
2917
9444
8624
2542
8532
392
2245
50
9523
913
8561
9975
8314
5231
4501
6741
2446
7150
753
3189
5466
2103
4147
4385
9338
6418
8984
4629
9284
5577
559
9858
2049
912
2234
1801
3572
9262
1326
8812
6833
3825
7274
2136
4908
8274
2719
5042
7101
7440
475
1162
7687
3385
3979
2016
9795
4916
5530
3827
8175
3192
2196
6370
3483
9567
7710
5835
2864
2353
2131
8510
1925
4770
7652
3302
1195
9822
2196
7862
2895
2382
5703
2477
4639
3640
8275
1189
1455
7266
8733
4566
528
8848
513
8767
9072
5869
1103
5626
4209
4186
2837
7016
4517
3422
6535
2003
2090
384
941
6776
3585
5542
9962
6388
5841
8477
2530
9832
4624
4425
7078
518
7233
9420
3185
7658
6543
6064
4264
2905
2877
7111
1492
7536
299
7169
8146
8100
3923
6043
8515
7260
8261
5936
6896
4203
2740
7293
8876
8393
2039
5870
768
4896
4975
1678
9592
2099
4439
4855
9971
9181
8544
6867
5
8620
6495
8514
8775
2067
1220
3333
516
4324
6160
7680
9297
4058
300
8588
567
8349
6463
3498
3690
2698
7391
8604
7030
8489
4640
6158
2683
3148
3680
6400
1309
9624
7945
5306
6797
3580
4364
8707
7585
9619
6313
1701
6970
3745
5429
4572
4246
4166
7907
8810
1455
6256
577
8879
840
8170
684
9941
5079
7120
3567
9745
4735
1478
8683
4142
7362
1110
1002
3577
1735
3982
9129
2930
5152
9791
1797
626
5678
7030
909
3742
9987
3327
98
2429
461
8493
2606
674
8340
7507
8071
9054
9156
2620
4329
2286
1326
818
1073
986
5061
2251
2807
8777
8521
2135
2279
8383
4
3900
3600
8320
5862
6336
5588
3453
1256
5027
4331
6470
6057
7856
6888
2487
2990
6997
8883
9229
4260
3224
3921
3751
8203
2421
3858
2781
9007
7514
1607
7170
6861
766
2215
5474
6911
5231
1737
3814
9329
2623
9742
610
5922
5651
88
7401
1968
9674
9894
5683
1061
2405
7161
2659
7378
6291
7044
6333
9187
4918
3120
956
7258
4776
4165
6704
2703
5814
8751
7452
7503
6554
1302
7308
2083
5187
2135
3613
8351
8546
9408
3600
9279
4055
7638
454
9308
6327
507
152
4089
8959
8956
1789
225
8890
1154
3049
1762
9815
5949
8395
1845
335
9517
6610
8527
685
5501
596
6851
8555
2983
4400
3721
1757
8152
9896
1461
8614
7889
5713
8290
8258
4349
9804
6624
1387
9485
7973
7593
2302
3764
8700
2089
5798
626
5397
1753
5781
6985
3667
2788
1707
6946
8225
7627
7510
4706
7114
6393
5260
504
4566
9552
6357
6732
2680
3788
7902
2571
5266
2510
7615
3194
1087
4466
9830
6216
5673
7219
8633
888
1949
8311
1757
8026
1694
1587
3991
4626
9825
6279
7491
2711
2990
8545
3333
7575
5493
5180
3694
2303
8084
1367
6138
1779
8263
3836
1211
4303
1092
2332
2036
860
2094
6547
676
2594
3168
2552
8630
5198
4078
3712
1446
1938
6709
794
5320
1194
3233
877
9549
2028
6229
2286
402
4306
5558
5280
606
175
7257
5664
833
9680
2403
3519
278
2319
7578
3837
4020
4546
8313
253
52
2182
3371
394
4745
103
4517
6312
2495
5152
1045
7796
4475
9245
9478
7147
9839
8712
3782
5161
9417
7422
7321
7996
7288
1860
5528
6279
7990
8429
1337
3671
5726
5134
4824
1337
6311
1073
419
756
9088
7811
4530
1393
1587
8826
1717
3268
9731
2129
4442
1991
7897
6772
2322
9402
7884
4357
5217
6091
797
9274
1148
7275
4554
436
3900
2782
2613
482
169
9751
4292
9312
87
8528
2611
8097
8805
6929
3701
8935
5846
2898
3770
1039
251
124
8637
1609
5378
333
6873
44
4149
6843
2094
1427
2366
6527
8744
8206
5215
9433
1063
961
2101
865
6304
1933
7495
8313
3448
1825
9886
2203
4400
4709
3745
8048
9650
7235
2118
2601
8801
355
6277
7493
2307
2169
4186
4111
5441
2372
7701
6967
8775
509
3911
7418
2546
2388
4709
3702
2837
2469
9812
3698
972
4827
9887
7007
3805
8554
5711
5266
6135
652
6986
301
6740
1039
6696
5548
9080
6780
7601
6115
9875
3901
10
7574
9520
6168
790
5999
65
356
7137
7575
533
1399
2321
6102
4991
358
7748
4868
4292
2165
8373
9948
2241
8055
6022
2867
3438
2108
6426
9192
1384
3714
4478
5617
5239
3226
2976
5924
7232
1249
7854
6156
860
6179
3438
9372
259
4184
8535
8965
7994
8164
2549
1025
7052
628
2564
8230
8305
5201
4980
8482
5406
3842
407
5766
3814
7140
1109
2082
8192
7269
7816
366
2345
6435
8338
3261
1754
540
252
2599
1546
4224
8769
1060
9459
6590
6410
4410
3394
7026
6898
2667
6627
845
9876
4678
7151
645
5734
4159
3524
9814
3412
3627
8101
2500
5330
4154
7481
7721
1428
4070
8278
5485
7718
8684
799
3467
8212
435
8803
9503
266
5463
4816
5875
5993
3107
1949
6466
8419
3906
836
8718
9250
5691
5685
8952
4196
2899
2622
335
3942
5714
8968
6146
6644
6331
7494
8286
3511
4688
3231
9932
2073
2203
7254
8947
1177
6104
6969
8699
5550
6797
8659
9636
2989
5789
8133
6601
692
9131
4302
7663
258
1831
5908
8403
3795
9191
2834
3614
82
9932
3057
4278
447
791
9399
6233
1821
3449
4794
3023
6795
6098
4588
116
8564
5994
3068
283
5581
2858
7980
7120
756
838
6252
6578
9104
5442
8086
4136
4418
2564
8097
2679
2184
9816
2826
1282
9477
7836
6316
9629
8911
831
1348
7145
8708
2820
1424
9330
3140
1251
4839
279
6960
2901
7456
972
6915
580
9814
8390
143
3796
6061
4869
2370
4267
8379
7683
3538
5166
2666
2508
6664
9681
1699
1991
3706
3066
5318
9806
8798
4851
3549
1279
4076
9930
2019
4760
8982
3818
59
1028
7728
1525
5852
7551
1448
3818
3643
2126
730
1499
2304
4208
6938
5273
1262
1435
7014
6025
7400
4829
9493
3575
1363
3459
9945
9970
2160
3544
1667
7787
3522
1329
7215
5508
1720
7364
4683
5454
236
9698
7175
257
8804
3143
8591
3309
195
6007
9540
2386
6413
8813
5319
6478
8792
2992
336
4754
542
2853
3697
5715
6801
68
87
9701
8705
688
3082
9762
1613
4474
8339
1192
3786
7428
92
3162
8184
2437
5403
4316
8547
8707
7408
8060
6858
2903
8508
857
4184
8014
286
820
6812
6960
3070
5739
7565
8479
7009
7249
5570
4492
9404
2042
5162
2939
7534
5765
7190
6367
6859
8506
4989
3771
3580
1563
83
9480
1900
2925
4125
9799
2124
7787
959
2137
3225
348
7761
6850
9101
468
1588
3903
7841
5197
5916
3002
4427
1596
4583
634
193
9011
5284
7747
8082
2356
1267
3669
4457
3459
8856
9222
1812
9401
3546
9289
4988
372
6688
7576
9581
507
9349
1943
5312
581
347
3386
8939
3806
3449
297
8343
8464
9041
2786
7996
162
2495
1640
6085
6051
6450
2418
4379
1248
7175
4988
650
4175
2356
6227
6560
6030
1297
9374
7478
5698
4394
2445
5071
8197
2475
6462
6635
9376
5895
9312
4826
1667
9595
1112
2055
8689
460
4671
9267
1283
9007
3204
6313
368
8002
1291
109
5607
5006
7930
6356
2680
7719
6572
3138
5892
8720
7141
2024
2423
8933
6557
9522
9824
3908
374
2782
4543
6971
6979
7761
3136
162
32
4527
3208
2307
1218
6419
1535
9595
3997
3829
8480
6645
1876
6941
7763
5051
4480
8687
5126
8014
8748
223
3230
454
7685
8432
957
5108
1467
1903
8903
6444
6344
6705
7475
2635
2169
334
160
3309
4507
9073
8537
4250
5491
6692
9886
3206
8994
625
7223
8436
9010
5898
6824
5855
3068
1180
3469
92
7196
4232
2931
5428
9291
7920
9731
624
4755
5034
4776
3797
5694
5757
347
4833
9869
7289
2117
4472
2633
9278
3192
7336
6480
4848
3720
5100
7254
4745
8036
4059
9410
3614
5683
4108
4956
7159
1790
807
5308
1662
9643
4145
6227
8861
3753
9860
2384
2616
1235
9513
7490
571
9321
1116
9770
3436
4052
9941
8695
6166
8582
493
4574
4060
8282
446
4476
737
5691
6983
4481
3161
880
9158
6734
3416
4360
7193
4406
6274
139
5812
4407
2388
6833
1403
8810
4281
8196
5049
3127
9975
5697
1050
5633
714
9304
9793
1303
3636
6544
9451
7135
3731
8492
5541
5853
7466
3973
1812
4593
9423
1908
740
1054
2546
6045
3677
7882
4670
5623
5012
9051
7344
946
4609
5189
5595
2557
5514
5176
3985
8262
1371
5541
8681
3101
3111
5913
6665
633
8738
584
7204
6392
2535
4706
6399
1184
4940
6225
3367
3038
8803
6829
5180
8804
7931
1083
4810
6789
6632
6150
7630
2271
6777
3279
4802
3823
9908
5146
3385
6748
7432
591
1204
5185
127
5078
4675
5154
8961
8749
2737
2457
7248
3708
7744
2039
9338
1251
3377
4244
9393
1024
6932
8312
8788
591
7609
842
3230
8736
2855
1429
5972
9867
6173
3452
594
5104
4160
2515
5935
813
5535
7201
8251
7063
5276
413
9679
9618
7203
6830
9660
8464
6406
377
7605
434
9095
5599
2915
9349
2732
7398
8354
9225
1422
2291
366
1470
1072
9469
8362
2309
8878
1357
8264
1112
9460
9305
6611
1267
2374
5439
1100
8949
4749
6899
9508
4603
9122
2745
7307
5418
8618
8864
3141
5490
8924
9319
523
3389
2960
8237
833
5517
9352
3925
136
9710
4517
558
3422
1096
4056
4736
4204
4518
5873
1766
9147
5461
2724
2644
6357
1357
5177
9652
3383
8040
8243
8419
4473
7603
9482
8736
2236
3355
4517
1812
8585
1516
2206
5718
6857
9302
2703
2170
5694
883
6610
6047
9317
7167
6723
251
5764
8773
9957
934
4637
1859
7099
7725
1386
9755
5526
8171
767
9529
8784
5368
6639
172
5680
4423
3308
4946
6346
297
6614
5302
8526
8396
9714
9548
5495
6984
2849
9591
8199
3816
6132
3464
7389
8128
9272
332
9679
3033
7060
3097
6759
3845
6976
5778
8032
5487
2343
1761
1570
8723
9442
8711
3469
773
9926
7156
8503
6235
4831
5590
1732
2609
1398
8732
1727
5406
3022
4037
1509
2544
124
4157
4209
6627
1294
9994
3532
2054
7515
7713
4878
1799
3874
3600
8614
5000
1127
5009
5610
6773
9636
5534
8562
1873
2047
8200
5173
1519
6410
480
1257
9101
2464
411
4625
363
9160
3830
4331
1307
492
7876
7056
4581
5462
6440
9551
4333
2294
4103
4146
5179
4785
2221
2220
7390
3168
3991
9619
1187
2292
5577
8051
7724
6951
4853
662
1297
7564
6893
2007
2076
8657
1080
381
4819
6641
2334
9938
4019
8356
6072
8379
8328
9903
2548
5345
6581
4034
172
5815
8412
9223
8077
1886
8200
8243
5710
1467
9465
4056
6866
9490
8850
6297
3100
8831
7529
2280
6369
2136
6861
6110
7316
1806
6271
4057
9343
7050
3944
7195
4454
4542
7998
8419
27
9249
7298
9509
1529
4102
5640
5694
2615
5077
1551
6044
7129
834
7466
3025
3956
9011
8551
7754
7971
2936
2435
7804
5719
2643
2404
1787
4398
6772
2205
1449
5620
5240
6907
454
5569
7823
6928
3725
4581
8206
5231
1169
4057
6402
6128
692
8959
1038
6152
7577
346
6044
5878
8700
9837
1461
9971
1718
4185
8089
3976
9373
7199
9037
4717
7904
3966
8718
9687
8978
7423
6230
5230
8690
6493
4645
5792
8533
6483
2706
3898
7635
3274
3254
6245
7480
8648
7053
5548
9428
3147
5914
9896
9635
8860
5875
9436
7207
9978
3676
8381
5937
6423
7275
5802
899
8560
3212
2968
2168
7776
6092
3219
903
5938
1614
8345
4191
5575
4391
4370
7760
6518
7465
1100
600
6930
4811
2080
5889
9835
3343
175
7525
8881
5174
5269
5257
3473
7046
7815
4314
5185
5881
9297
8811
6521
9322
1876
381
1789
5918
9350
4975
8742
6996
6868
4145
9119
4860
5044
8143
7906
1467
8406
2098
7615
2926
3562
5438
5015
3658
1605
181
7351
5398
1555
1923
350
2337
2926
1523
3285
8426
9888
3832
73
1893
6440
9106
5428
5064
7231
1558
3479
4015
1800
3299
4338
2561
1701
6924
8662
8810
4754
9114
934
246
685
9629
6086
5849
8458
905
5074
353
7689
5688
6033
5614
6766
4958
6093
4793
4820
4685
4695
6047
5010
4285
5940
7832
8247
1600
6901
7337
1818
9843
5819
9727
8521
9438
3848
7189
7968
5907
105
2660
5425
2191
4168
8397
9560
7715
5883
3950
240
2533
7325
2684
5694
2662
8483
7920
6621
1791
5272
347
8143
5508
7138
6160
6895
5284
2194
4679
3826
340
700
3343
7006
3072
9656
6978
2117
5766
3557
5287
3550
7214
4241
9988
2115
1945
3307
5057
8038
2712
2318
2683
6703
7992
1555
2773
7988
5450
6242
4706
6615
9192
3918
7405
8544
8004
4678
2364
1761
4700
8190
3372
1731
6514
9436
7767
529
9403
9209
8836
2345
7896
9465
3803
3373
8474
2832
6252
9038
5162
3254
106
5628
4807
4540
8597
4168
523
958
8482
816
8832
4459
1369
4204
8697
4091
154
641
9073
2680
8458
8511
1163
4802
1074
3459
7304
4878
6782
6975
8819
5078
3546
1134
4406
2282
3376
7920
63
8516
4565
8734
6029
6971
931
7053
7686
9379
5944
62
8211
711
5501
62
3153
3291
9450
2343
3635
5164
4911
73
6607
3722
8983
1801
4735
4466
7425
1867
1719
1886
4105
8769
317
2170
1273
7782
4174
6685
8563
5463
9692
7337
1088
6654
4964
852
8446
4948
837
2386
9426
3047
9949
6726
4584
8487
6947
9387
5463
2461
8734
6114
4015
1022
241
3893
6475
9070
2812
5934
3938
3018
7851
5972
46
8140
8228
7329
7649
9307
588
5572
1764
6220
5651
1657
8344
3975
8348
4061
8523
4189
9193
5289
7116
3278
9312
2200
3610
899
4237
1067
2324
6345
566
6580
6530
6425
7992
892
7097
7098
8440
6358
4965
8645
8901
6861
538
4783
5737
9444
6379
3625
41
3600
4842
3586
9764
3389
8823
4639
4260
1731
5853
6169
4496
4312
5257
2778
9858
8082
778
137
8843
1334
1312
1263
3873
7817
6736
3493
6684
4329
9602
6467
3949
5418
2178
5545
3299
62
7464
9015
6817
3995
2204
1804
69
5139
4212
3995
5330
2050
3932
3844
2235
307
3433
6176
2103
1409
83
8562
4565
256
287
9281
4850
5428
9304
3671
9163
6979
5699
8330
9470
8655
485
3284
8279
5103
809
8632
6027
7230
1023
6954
999
2972
3024
4586
3875
4139
4936
3585
455
9412
9186
997
8503
3781
5750
8519
9494
2055
6183
1996
6203
3948
5951
9908
4272
5497
9514
2088
1499
9263
5640
73
2093
2855
9492
6818
5209
5020
8696
4022
3096
8923
2282
197
3883
6398
5582
8360
7401
5905
9518
7971
1683
2629
971
9149
5692
6256
9691
3918
3749
4580
8632
8612
998
1051
6513
9654
8159
9461
8502
4463
2769
5215
543
1065
6349
3018
8332
615
1242
2984
853
447
9296
4531
9150
6588
2428
1757
4625
1835
8885
9283
315
4261
8815
8812
4994
8979
736
2943
7228
122
9432
8779
8337
7293
7043
6598
9870
138
7312
995
2567
4985
637
5641
5190
4048
3548
6992
9976
4417
5178
2845
7695
8707
9597
1569
5013
24
5822
8140
790
2107
8288
4974
9026
4647
825
6134
2567
3428
9506
4636
1793
4653
9082
5114
6257
904
9687
8586
952
4028
6117
2708
1421
481
6218
3986
5542
9406
5393
2886
1533
5833
2059
7114
3856
9339
6133
43
782
6752
2311
7309
1868
5480
7748
3907
8004
9009
3970
6194
5698
5206
5533
1821
2098
1604
2470
6140
6092
6907
6977
7003
5371
1057
1492
3425
4772
3970
8758
8076
1029
6668
5872
9337
6482
3207
9664
1926
227
9980
3798
7381
1989
4062
8800
2461
2789
1976
5547
4264
4273
3666
3257
9188
7950
2615
9320
3345
7006
5754
8633
5155
2376
1226
2497
905
7732
7195
8819
9747
5825
5827
9289
8556
4173
4509
2589
1943
7922
3543
5841
8315
672
4728
8223
294
9184
8744
1381
353
6959
8000
9465
2665
6624
3567
660
434
121
6418
8802
9919
1532
5478
5527
3993
1555
7652
983
8114
5959
5474
7418
4868
3957
7393
5396
5611
9247
4134
9050
6872
2803
5244
4887
1385
3316
2664
4743
3348
7394
6137
8297
2059
5484
7850
3649
6312
9177
180
4464
1846
8456
1249
2275
6067
1438
4527
7205
3528
2650
7340
4194
16
7437
2140
3946
1076
9148
2446
402
315
8818
8032
2799
9402
6568
4085
4130
6116
3284
4840
1721
982
1804
8135
5289
1449
9557
1226
9671
6433
5940
4277
8989
8344
7381
7655
7417
3868
823
4252
6487
2935
6958
433
5353
1574
1384
7694
5894
2011
8111
6655
2484
5300
5374
3971
767
1501
920
1823
4712
3982
1607
6872
5806
4837
9441
9495
2662
785
6923
100
8238
2121
7045
1228
2422
7761
51
6005
4677
6549
3029
5565
9637
9686
1251
9569
5103
6259
2626
2995
6978
162
1017
2405
4406
8736
61
6000
2566
3428
5382
3906
8133
8263
2727
3297
9076
5791
3933
333
7503
4704
7492
3724
2356
9705
2533
879
9159
8870
7605
943
4772
5480
3251
6927
4599
6047
3531
5032
2708
6353
9970
4297
6938
8685
7451
4513
1172
3000
2208
4496
9071
9362
3108
8136
9620
6168
7835
4321
6460
1252
7257
9573
3346
6171
7873
4756
5126
767
5325
1403
7517
291
9152
5669
2385
7950
1136
5945
4703
3003
4689
4204
8064
413
4582
9030
2569
1013
5128
3244
6523
1984
1712
8431
2284
2559
80
6666
2629
8320
6162
225
4371
3910
9339
1629
9159
5478
7096
8941
8901
6397
233
3437
6460
4382
2402
9256
4016
3557
4251
6190
6715
5486
15
5666
648
714
4094
4150
8696
5381
2577
3114
8839
3957
5131
3732
5414
3554
3166
2862
5423
1698
6013
3062
5228
6307
6251
221
2189
8844
3346
5210
1128
5612
2532
7513
6508
501
1378
2078
4042
2713
4679
3840
7077
8561
9347
2312
609
1856
8478
622
4538
1580
3172
6433
6561
8901
8299
6961
3786
7735
4767
7335
1219
521
6821
8769
7470
6947
333
176
5103
6833
3943
1147
6913
4601
6796
1531
3107
3465
6588
6741
6309
4732
2546
471
6800
6423
9384
4071
3719
3417
3828
4753
517
5191
820
7058
4221
5041
5148
6926
5303
5765
3590
9948
5019
9013
6770
7893
4768
4932
2395
4570
2018
5175
4322
8048
6979
7695
8015
5100
4154
9649
9471
8131
6196
909
871
3779
4278
8642
7478
120
1175
6870
2528
9677
9235
8775
354
6993
5324
1364
8362
2806
5190
9658
5608
6125
8675
588
7445
6325
1038
4339
8858
1080
692
9160
1668
9126
8755
6063
1603
3375
6702
1206
7267
3181
9721
3752
7537
4033
5896
964
193
3031
1780
8973
9782
9528
9622
9196
8234
5055
3456
8109
4667
7499
7751
5434
3982
5651
3364
6815
8896
5764
8675
8594
3880
6299
1449
3906
2369
2563
3369
9181
5364
2528
7514
5201
218
4787
7869
8924
4556
7726
7514
9553
5524
3566
3894
6657
1368
1601
853
3646
645
4172
2734
7052
8508
5524
2281
1221
8221
9152
3908
9090
9721
7821
1153
2873
3941
2052
3557
2132
3053
362
7867
5193
9140
2620
7058
8527
5443
632
4942
4676
4233
9859
710
787
4102
2043
4833
9535
8637
598
8712
5407
2621
1336
8441
6057
1506
319
4915
1693
7306
6960
9765
9658
6134
85
9008
790
3661
5603
4610
2982
3341
8810
5905
9323
4624
3863
401
448
9362
593
2924
3940
4477
5562
3843
9367
1419
6125
499
6161
3763
2892
4412
9184
7933
4803
8435
9202
5664
2289
3709
1953
6117
4146
9977
1632
9017
9699
7760
6563
581
8934
8153
2517
7415
5708
3251
4900
795
5844
8114
716
2214
55
2397
9166
2910
2575
1359
8637
4295
4725
341
4876
7093
3400
3439
1434
2626
1244
2929
3529
3564
6650
7069
2748
8356
4479
6651
4166
3774
7917
6438
1882
4488
1645
2602
2281
6597
8264
8694
6146
7333
8294
4009
3218
8412
7847
8552
3176
8110
5840
7350
5900
5358
5054
4849
7582
9530
9661
7135
2716
8636
7619
5789
5843
8765
1323
2702
6359
6107
1189
3264
8971
661
7992
7142
6210
9136
4542
2596
234
1924
2120
5662
3955
2207
9345
4858
8901
326
8421
9101
5153
3452
6355
3742
5937
7511
3679
5148
7710
9140
3687
7527
830
7838
3061
1937
5594
621
5820
4909
3832
7857
377
7562
8934
7790
9645
7938
6308
5500
3065
6818
7443
8584
4278
680
4052
4562
9080
1214
7933
3164
4037
6127
8881
1889
1404
510
2743
7534
6096
7242
6315
2893
4829
355
4632
6929
9841
4851
9193
1475
5947
1383
9625
9568
3135
4017
9804
1213
9525
6207
1098
4579
6870
6998
9211
4882
4682
354
9095
6288
9362
8174
5146
9054
3044
7745
4166
2769
2774
3420
2429
5483
6911
8056
3357
379
555
9899
1475
2830
3495
586
7623
8049
5795
1919
3807
2943
2115
2314
9434
1293
1833
4091
9113
4040
2382
3908
7434
4024
9999
8815
3993
8476
2051
1682
3389
9545
2907
6822
9347
4178
3966
4405
8527
8273
1341
705
2826
9058
7419
3296
3400
5095
6375
7446
9836
1371
9563
3823
1854
1369
7597
3928
8652
3040
5005
1718
1727
9268
980
8092
482
4190
17
4133
5309
9186
3275
8670
5087
253
5226
8553
6614
3377
2065
6191
3851
7185
3721
1826
9998
392
7930
4279
8967
1841
7399
1810
7867
441
981
8070
1603
8669
3763
8777
6679
5090
390
968
8201
2548
5253
6527
8343
8962
4466
3742
8414
6219
2594
8074
1866
7995
6382
6227
8061
4311
8302
4661
1434
7946
4836
4311
6946
5372
1676
1324
9030
1098
9289
3160
6902
2438
5948
6233
3701
8801
4275
7940
5414
9085
7882
1870
819
3480
8332
8643
2931
4940
9895
5765
4720
735
419
2126
9587
2714
2887
4094
5640
887
2779
297
5639
1844
9131
4249
9160
4288
3428
3786
1974
1154
3443
1530
1709
6344
4367
5443
7367
5498
2927
1355
4080
1431
8629
5030
6399
8697
4814
6181
5306
3277
511
5189
4757
6075
9784
9627
8753
1029
6371
3026
7581
8924
9718
1691
8344
7369
9261
4027
8648
9945
9468
1981
948
3656
9603
8983
9209
4531
4705
2344
4301
7690
5989
9801
9853
9839
7922
8435
2814
5752
2789
7494
2992
2894
7468
9017
4237
1027
1329
9182
1696
7575
3580
3532
4457
9152
4419
5471
1446
6333
6638
760
4245
9807
3657
5818
5808
6278
7775
7282
4184
1009
6091
4995
9214
8710
4207
1835
528
4728
2328
5840
1612
2387
6549
9582
5528
9122
2700
6504
3157
142
3840
6832
2217
9632
9929
1589
7526
8383
5807
0
6636
5170
4148
1900
408
7266
245
6298
3666
7988
5284
5142
6609
4997
3856
879
2574
5350
7842
7087
7485
4227
3540
2326
15
2695
7800
2844
1806
6932
1440
5190
4319
9105
4402
7485
1186
5225
6344
8627
1628
6292
695
7491
5303
5096
2096
8621
45
4766
4932
4218
5223
9022
2808
2727
2716
6122
4343
8410
8091
534
2304
8277
5566
3278
5351
1739
5967
9911
8527
4966
4218
2732
4207
9693
5197
266
7346
9463
6136
8875
3050
4429
9470
7591
5275
2369
407
4592
402
8915
4958
1410
34
1206
6643
3190
1524
3567
265
4885
5595
3791
4060
795
4805
8016
122
4762
7303
7266
4406
175
4270
2180
2163
493
499
9943
7055
8722
9147
5899
74
816
4906
4196
3103
1690
8654
3520
529
8541
3009
7295
592
3062
5275
3180
6718
4940
5658
9037
5946
9122
3036
9240
1806
6848
9603
6089
5003
2261
3019
8217
3178
4829
9942
7284
1365
7211
180
9373
6190
7988
8090
4249
5046
9698
8079
3413
7417
337
5925
5425
4081
4539
3310
306
8176
597
8960
9220
4148
922
7661
2367
8485
4073
8168
2071
1932
9140
4745
8402
8106
260
1600
5871
6760
6078
1044
1893
5997
6503
737
7302
9617
285
6884
9627
8501
4338
9060
9104
9202
9445
7474
9051
6884
4901
5322
4040
8505
9130
8535
7886
8
2354
3093
3747
7542
8347
1712
3045
2881
2981
9528
7467
7835
8583
8674
9537
2007
6188
1728
6231
2419
3017
3558
3355
6988
8034
811
2921
4725
9259
9696
1525
945
7206
6657
4779
7366
8896
705
7829
8679
9230
7356
4619
6824
8528
4256
6464
3190
410
3302
1394
5773
3430
2492
9303
5465
1893
885
8233
6227
8555
2215
7033
4254
957
3178
3881
4579
8692
4545
35
6114
5686
7511
305
9720
1278
866
4551
1579
8416
4004
7519
8601
2810
7199
4503
3782
5556
2509
425
4916
3154
6964
5325
477
480
5936
1536
8824
9825
1012
4033
481
6594
5276
7334
6399
5005
9555
4572
3471
6460
6807
6319
2256
1293
4340
1315
7465
707
9157
7481
7781
2377
3869
1175
8185
1098
9481
2342
4650
5689
2601
5374
9568
4154
52
7351
7733
9481
7853
5869
3396
5891
4355
3668
9436
1708
2719
9497
9607
7041
6523
2234
877
7339
4197
6259
5490
1336
7535
7340
5185
9225
7393
6388
6126
2280
1894
4790
6045
8569
3029
1422
8915
5768
1359
3333
1294
6612
2526
3982
4749
682
2020
1117
5673
9022
8572
3654
2424
6501
7408
7324
2674
2321
9900
8167
402
1965
3961
8603
1361
2337
3982
3784
5943
6947
4749
7256
3858
4213
4511
1998
6997
4976
7716
3621
870
7517
1862
8271
1062
8498
7751
8862
4768
2992
414
3702
2757
8130
2103
2515
3885
26
2636
9543
929
5313
8223
9306
4657
5561
3528
994
6065
1062
5981
7212
9534
5312
6759
6276
5135
2028
4193
3460
9841
6156
5688
4488
3896
9441
6558
7980
1454
4300
5858
6009
3560
9418
1326
7244
8083
8469
7403
212
3536
8660
733
2175
4133
8535
8030
2904
7677
2714
4798
5112
1569
4349
2435
2581
4410
3928
3228
455
1567
2535
9601
5077
7403
5393
5078
6779
4786
5933
5563
6324
8909
949
3559
8677
5828
7333
6257
9262
36
8073
1232
9622
4716
3127
3241
1807
6236
9740
7065
4644
6541
1840
5441
7146
3224
6281
2124
8158
7635
5900
3283
830
4788
9675
20
8069
284
1554
6861
458
3528
2863
5446
1534
5270
7470
7458
906
3424
892
1513
3853
8901
3557
424
4655
8099
7262
9128
4060
53
9848
8932
3401
5387
8934
1929
7195
6952
2837
2912
6560
5966
5133
6091
9311
9423
9641
6952
7982
6991
2191
6028
3707
5015
3078
3905
8635
6111
9903
2316
7573
2586
1615
7903
2657
8486
6754
1678
6452
1348
3061
6
2406
3787
2810
1030
9177
9272
8053
1152
5012
4760
2679
4761
7033
3865
5403
3385
5167
4840
7999
2028
1471
9395
7233
641
739
9626
1035
944
2710
8637
884
2762
2419
8275
2665
1455
3992
3334
820
1268
1223
9603
2849
9009
647
6991
8962
9204
5923
6685
9978
9631
5429
4048
8507
4111
1787
4075
37
7654
2467
2382
2972
4167
5642
2761
5205
4242
8638
8396
325
8411
9771
4034
1179
1112
5490
1715
9488
2843
7256
7048
3979
688
2370
9866
4081
9507
5579
245
5876
4067
1521
2428
78
1447
4396
3929
1645
532
7962
8031
7067
9806
7870
7239
7964
7228
4320
2019
4905
9772
6106
9804
9789
1889
7063
9257
2109
5573
9399
3815
7158
975
1053
6884
9189
3420
5331
855
2800
7156
4779
4908
9920
9993
241
901
9537
2912
8459
5920
3203
1280
3874
1784
8837
9896
1704
4664
382
3859
8288
8997
1396
1936
2686
9707
8063
6524
2226
4920
6512
8301
9359
3008
5686
5503
333
9904
7635
5430
9358
8646
5641
6558
5248
6422
5372
4735
5905
9296
7007
7410
8149
8650
3036
7931
1025
9435
4767
9085
6571
3643
1319
2471
8660
7153
9653
1295
8371
5863
2399
7504
5466
7412
1079
9149
6071
6986
8150
4343
419
5144
1763
1107
8301
2016
1254
9918
1652
9710
8527
8886
7457
9194
8953
1071
6269
5384
4070
2035
6892
5827
1584
5910
1198
118
6714
3642
480
1921
1917
1183
5285
798
1547
7900
120
7296
5825
7474
414
8007
5561
6510
9541
9757
2784
9532
5335
7876
7939
1311
175
273
9091
3397
9037
3221
2886
9207
2774
5178
9712
6794
3861
6535
4043
7756
4066
2915
8154
5053
4356
4774
1929
5228
5700
1754
6467
343
5432
8696
101
4911
9778
879
1872
2208
4024
7031
8109
5503
6096
4907
6031
8408
4512
8128
4395
2507
6306
3342
4687
5701
2857
4309
5385
2633
1303
6582
2844
8656
8101
8404
5801
8800
1516
6523
9396
3369
2182
2350
8962
6230
8592
1959
6999
5647
8487
3334
1488
4498
4525
7419
5785
2385
7477
6054
6972
1768
2875
3299
9531
6531
643
1673
3316
1944
4825
6586
3923
7300
7009
2096
4807
1027
9034
283
6593
4995
1903
9544
8015
4355
4697
7420
5599
6489
2787
1638
270
2921
1895
5055
7487
9466
6434
2504
2975
1679
6212
352
7666
1557
7730
3468
9536
410
4818
5252
3890
8642
2574
572
4748
1778
2436
3076
6621
2053
4835
7543
4694
3039
1929
3620
4621
7275
9165
5821
5169
4210
8624
3992
6151
680
8881
9415
9198
5526
1589
8992
1768
2192
6115
5998
9689
557
3153
8771
2508
3664
7361
1835
4566
8774
6274
7367
2665
9672
2246
3944
8302
5216
7352
6577
7674
3473
2715
9563
2366
7997
9541
2857
3680
8118
1708
2583
2495
1502
2475
5123
9389
1156
8872
8697
883
6044
4622
9012
159
8086
5661
8641
1418
8820
4788
9378
6518
6697
7550
5858
5011
3225
8122
5542
6199
5620
681
9607
9467
9312
6264
7560
7598
9336
6405
8678
9940
7853
253
4067
9792
6783
134
8052
1374
186
7711
5563
1174
5114
6486
1175
1915
4848
8494
5085
5027
1634
6104
1966
8135
1665
1177
9279
7012
7465
7981
6155
9239
4300
541
2587
761
5901
8759
3518
2243
5411
2042
8273
3098
4722
3443
3725
4188
9434
4385
1130
2470
3137
9520
9063
3478
3925
4840
901
1220
5136
3904
3903
3497
4870
3684
9465
9822
2433
8090
3732
2783
3664
4449
471
3699
5272
3876
5511
8209
6922
9630
6477
2971
9236
4085
2819
511
1152
5183
3444
8255
7908
5682
8376
3634
5374
8747
5855
9789
7716
8071
1729
5858
3391
8475
1018
787
6557
361
8743
9597
3175
3013
1032
3055
8860
4850
5802
8502
8975
2919
7190
147
405
5938
9380
2322
683
3006
9951
3205
2869
2209
7334
515
7824
6141
4670
4337
8025
6688
4139
473
2891
6281
8587
1792
9615
2497
1999
1553
7749
9953
1431
3653
4583
3789
3187
2510
2912
6929
254
8070
2913
5510
4620
4164
3963
6246
6936
8472
1062
6512
3943
3119
9212
2989
3544
8111
7639
5006
8489
5136
957
1714
1188
5203
6816
2308
9749
2814
3235
8887
7106
7360
5580
4026
203
2211
4400
7331
7753
4913
4909
4851
4398
5850
1260
8342
1845
4809
5367
8174
59
3594
8776
3557
6960
2695
7707
9277
1195
6669
510
753
1040
909
6362
5403
2238
6222
3983
1379
8658
6972
9261
7660
7523
675
6216
9595
9391
7562
4625
2202
9033
2512
5376
7559
3897
1525
2094
5417
9048
2934
4347
4314
8319
3234
5317
9677
1325
7101
107
2471
932
6383
7553
2080
1274
3179
6071
971
1429
4930
2239
8204
6963
1772
4342
6615
2931
9609
9321
9458
7802
1365
645
7479
7597
2345
3045
1344
9971
7575
1375
6168
1838
7143
4502
5864
97
4476
3251
4819
7286
2286
4205
8336
453
3765
2141
7075
5345
2033
8026
9588
6741
2759
6195
4538
8670
1560
3032
617
7185
2726
4196
330
3999
6794
5385
8256
2478
7251
7681
8080
359
5675
4533
3698
6406
4443
3522
2696
4199
685
698
5765
2147
6413
3006
8681
9615
9860
9932
1057
1635
8966
3446
187
710
1196
954
7094
5948
3880
8096
6364
1324
3893
6180
3693
7365
605
7912
9581
6756
3218
8643
9005
7728
7664
3644
5020
2774
7401
8521
2646
7786
8100
5381
1317
1942
6743
4887
9541
1249
3526
8336
8729
7664
7271
972
7761
9232
2192
4516
8122
2673
4532
9442
5544
5746
3805
4361
3726
8347
935
1837
9583
9503
1207
5681
8245
5488
3109
9307
2259
3653
6422
5731
5755
5324
1443
3774
7205
452
5407
9481
8878
9961
3869
8080
3665
7142
9020
3027
4751
4366
3024
8127
4602
3130
5962
7886
7426
7436
1794
5001
6303
6977
7133
8484
7238
3486
3209
3487
1553
1126
7321
8526
1430
4260
7087
9185
7847
3737
2283
8114
2644
9695
7916
9908
7517
9396
803
9915
8006
2389
5481
793
2527
8272
6366
8967
1811
7911
3537
1823
6377
341
4842
3809
7957
5103
1296
9985
3922
5901
2919
8941
6508
3681
147
8613
5089
8018
6880
4202
6175
5168
1036
5449
8769
9234
1764
5725
8645
7405
2958
9700
6725
2657
9474
1930
5477
4113
9573
858
1055
9055
3736
790
4056
2078
9805
7331
2185
6546
4674
6506
1327
5497
7642
4130
3734
5353
4801
9238
3211
9161
1649
8166
6326
5457
9672
6960
8489
2351
4224
9839
7671
4573
727
1794
7869
5020
9426
7169
2107
5430
1646
7748
3941
5547
7482
8757
488
8245
9896
987
9749
6919
827
9405
1337
9273
4976
5983
9999
3424
3657
389
3133
5984
6834
2812
6828
1537
6198
4738
5747
9468
2396
4817
9585
1243
5888
9388
2637
1111
9126
6001
8580
5841
8836
3053
3090
5742
4995
6429
4303
5149
5638
9904
4743
9862
4714
7997
1616
1544
3927
6217
6686
2260
918
6567
1119
7804
3243
8429
5211
1221
2902
3303
6879
3456
4220
5045
2437
4718
455
7772
8168
2667
1705
2261
3424
7419
2206
3763
2458
7588
3543
2533
2970
4590
2151
924
6227
121
6056
1546
5001
9527
3292
9837
2441
2209
2135
8242
6043
3906
2344
1009
5627
2857
424
9241
9631
2933
1698
4119
1994
8674
918
6804
8054
9327
2078
1809
7465
4927
5474
8960
1285
6221
5458
7994
9234
7489
9109
8043
7518
4130
954
5452
7148
5005
5037
307
3046
7491
528
8707
9032
2784
5685
7218
573
273
663
5792
8717
8085
9294
201
6011
6975
3908
9543
1923
7564
3286
3017
2143
8207
8711
8964
4582
9833
5628
7723
4951
4962
8823
5065
2028
1176
7354
5700
360
4000
5487
5609
8483
2302
4926
3865
8676
6175
2549
9149
9742
6839
1673
5898
3713
4360
8005
4744
1265
1542
6478
335
8991
46
4327
2512
229
9509
3512
2797
2694
6987
1451
7449
8788
9189
9096
7288
667
8402
8175
8614
6087
2876
5594
7748
6334
8943
8780
8811
6038
7930
7152
6989
785
8554
8427
2411
2081
3976
2884
5416
4762
2233
5807
7546
6311
2502
663
149
1066
8281
3733
1483
5310
8410
9324
7584
4802
6924
2206
6474
5653
3805
8765
9702
4376
7603
6207
2502
3740
756
5355
2641
3608
7939
3544
1461
4533
1448
4773
8006
8667
1804
138
7882
6018
8979
2631
60
3486
8154
1661
5198
2176
2194
8009
1071
6923
4518
1224
2718
1342
3994
9811
6846
9520
4571
3801
8065
1641
2993
8768
7567
6256
8185
302
6981
5385
8801
8943
9419
1617
624
1162
765
5257
1292
8026
2234
2689
3501
9431
5372
7970
9235
5699
742
8744
2634
2031
9731
8354
9632
8630
3008
2478
8866
7403
5373
2930
6870
6038
9320
3264
2725
8662
9836
3200
2432
5663
3181
6654
5589
7009
333
7612
4338
4865
2657
8411
3719
9951
4794
5831
8619
4749
4019
3797
1382
7233
3373
9899
3731
9139
9243
2146
7890
5717
7960
4016
3812
5574
108
4658
714
1690
9693
1671
7995
1122
3727
2936
5209
1240
7583
4587
4203
8214
7030
9146
6056
2919
4485
4877
1441
8687
4028
842
2860
2312
750
4197
3074
2870
7275
245
4132
9054
6632
7852
2475
8232
7634
3427
5018
3951
7184
5921
4851
9952
6039
2020
8623
203
7693
7966
3117
6192
9195
4539
8326
3150
7274
9120
6727
2607
2949
2348
1699
7987
3767
5123
6150
8862
7650
6985
2442
2985
4866
838
2106
7952
2289
3609
3250
2924
468
2837
4882
6940
5088
2994
6418
5082
3073
314
570
3801
370
6428
4932
1142
6497
1065
242
4104
6527
4116
3069
4955
9449
3643
2575
3022
6496
7964
9617
3379
4606
2455
3878
2916
8666
2445
6275
6794
5413
3858
8046
778
7685
5099
7348
1020
1797
686
6423
5057
5545
8205
79
3127
8587
3308
2326
4779
5896
1727
5770
6424
5218
6209
5146
434
5497
2192
1843
5311
2754
4554
2037
2579
9658
1409
2756
7806
1728
3304
6485
6325
4544
9055
8543
130
9663
8148
113
5097
7088
9942
7214
7362
5505
8547
4865
5831
3695
2494
5600
447
7534
6340
7838
5673
8872
8086
3459
8528
6994
3052
709
3459
9758
2529
8253
4281
620
8270
6527
7477
4482
6988
694
5439
2822
5511
2451
2327
6997
2548
196
5778
8575
9853
9268
6305
7116
509
8526
1202
4139
6382
6926
8006
8295
8864
3874
5834
6086
3781
8160
5736
8352
3019
8810
350
8066
6280
6577
9567
4381
6536
329
6776
2475
8672
859
4283
3807
8108
6306
2454
5735
5339
6410
8927
7198
3835
2554
7917
5886
7243
3677
5681
9299
7985
5807
5421
3127
9097
7894
2167
8543
4064
4705
4096
4635
4579
9677
1005
1086
261
9174
6893
5876
1365
179
9186
3178
4007
1289
7400
2874
1877
2734
1482
2300
349
7431
1639
7349
6812
8108
652
7664
2209
1746
1866
